149599702885.38443 29760.059105475848 10000.0
146718266369.7419 30345.383865140997 1010000.0
144013327582.82855 30920.08194261523 2010000.0
141617386977.67307 31455.9470095376 3010000.0
139660193359.1535 31922.15334917607 4010000.0
138257202822.16733 32287.909138421077 5010000.0
137496826137.8125 32526.212936542786 6010000.0
137429056124.24219 32618.02603121287 7010000.0
138058413390.20847 32555.693999788393 8010000.0
139343286265.43292 32344.432124171726 9010000.0
141201868314.68777 32001.306680555117 10010000.0
143522919895.9923 31552.10486443448 11010000.0
146178481787.8163 31027.207129331637 12010000.0
149035805223.3404 30457.678782334406 13010000.0
151966748705.56854 29872.378259116802 14010000.0
154854054007.5135 29296.311398532427 15010000.0
157594770514.34604 28750.049560442952 16010000.0
160101512718.46652 28249.86205135321 17010000.0
162302305872.85617 27808.224994747437 18010000.0
164139659929.38892 27434.459126091297 19010000.0
165569339153.8207 27135.347476510105 20010000.0
166559134404.83118 26915.659504821324 21010000.0
167087822974.87842 26778.555547583008 22010000.0
167144418659.97733 26725.86993125715 23010000.0
166727763926.55057 26758.280322440776 24010000.0
165846485917.62344 26875.371173481108 25010000.0
164519318368.389 27075.59484429851 26010000.0
162775772918.48325 27356.12816422857 27010000.0
160657116563.56503 27712.61731412488 28010000.0
158217567100.1457 28138.80276718318 29010000.0
155525544628.55942 28626.022623776214 30010000.0
152664705044.01932 29162.612840625054 31010000.0
149734329108.42276 29733.26403824159 32010000.0
146848466637.86765 30318.46328862778 33010000.0
144133097432.15244 30894.243874816588 34010000.0
141720582523.4029 31432.56310079339 35010000.0
139740999119.67163 31902.667261133614 36010000.0
138310704672.6036 32273.68721072682 37010000.0
137519594702.68686 32518.354611112125 38010000.0
137419606102.77832 32617.17824714637 39010000.0
138017411429.81116 32561.92849001322 40010000.0
139273445017.3142 32357.231170114384 41010000.0
141107560819.32086 32019.662917642694 42010000.0
143409626962.4253 31574.69728454093 43010000.0
146052209676.58475 31052.59464413157 44010000.0
148902582588.28812 30484.461785819276 45010000.0
151832258335.3622 29899.304261075624 46010000.0
154723405834.292 29322.32506465316 47010000.0
157472392338.79962 28774.300986902632 48010000.0
159991124262.51758 28271.690091833465 49010000.0
162206943386.07095 27827.129486714613 50010000.0
164061725625.30127 27450.07114496578 51010000.0
165510657632.74136 27147.402598430115 52010000.0
166521004785.37933 26923.97621651023 53010000.0
167071060149.58224 26783.019323105822 54010000.0
167149380115.17056 26726.422758909768 55010000.0
166754360383.11224 26754.91527726971 56010000.0
165894175140.8155 26868.131745420684 57010000.0
164587082305.8597 27064.578982422703 58010000.0
162862079274.57336 27341.497263824876 59010000.0
160759867442.27475 27694.610540669306 60010000.0
158334039933.1961 28117.757030671695 61010000.0
155652334752.26282 28602.397967194418 62010000.0
152797685356.06442 29137.021676248798 63010000.0
149868650022.5479 29706.500199310798 64010000.0
